19352 268.000000 332.000000 265.000000 0.904109
19487 0 0 0
18926 268.000000 332.000000 265.000000 0.904109
18927 268.000000 332.000000 265.000000 0.904109
18928 268.000000 332.000000 265.000000 0.904109
18929 268.000000 332.000000 265.000000 0.904109
18930 268.000000 332.000000 265.000000 0.904109
18931 268.000000 332.000000 265.000000 0.904109
18932 268.000000 332.000000 265.000000 0.904109
18933 268.000000 332.000000 265.000000 0.904109
18934 268.000000 332.000000 265.000000 0.904109
18935 268.000000 332.000000 265.000000 0.904109
18964 0 0 0
19558 0 0 0
18965 0 0 0
18966 0 0 0
18961 0 0 0
18939 0 0 0
18965 0 0 0
19553 0 0 0
18961 0 0 0
18943 0 0 0
18953 268.000000 332.000000 265.000000 0.904109
18954 268.000000 332.000000 265.000000 0.904109
18955 0 0 0
19064 0 0 0
19065 0 0 0
19067 0 0 0
19068 0 0 0
19069 0 0 0
19095 268.000000 332.000000 265.000000 0.904109
19096 268.000000 332.000000 265.000000 0.904109
19097 268.000000 332.000000 265.000000 0.904109
19098 268.000000 332.000000 265.000000 0.904109
18639 268.000000 332.000000 265.000000 0.904109
18944 268.000000 332.000000 265.000000 0.904109
18945 268.000000 332.000000 265.000000 0.904109
18946 268.000000 332.000000 265.000000 0.904109
18947 268.000000 332.000000 265.000000 0.904109
18948 268.000000 332.000000 265.000000 0.904109
18949 268.000000 332.000000 265.000000 0.904109
18950 268.000000 332.000000 265.000000 0.904109
18951 268.000000 332.000000 265.000000 0.904109
18962 268.000000 332.000000 265.000000 0.904109
18970 0 0 0
18971 0 0 0
18972 0 0 0
18973 0 0 0
19114 268.000000 332.000000 265.000000 0.904109
19115 268.000000 332.000000 265.000000 0.904109
18967 0 0 0
18968 0 0 0
18969 0 0 0
19116 268.000000 332.000000 265.000000 0.904109
19117 268.000000 332.000000 265.000000 0.904109
19118 268.000000 332.000000 265.000000 0.904109
19119 268.000000 332.000000 265.000000 0.904109
19120 268.000000 332.000000 265.000000 0.904109
19094 268.000000 332.000000 265.000000 0.904109
18952 268.000000 332.000000 265.000000 0.904109
18974 0 0 0
19138 0.000000, 0.000000, 109.000000, 1.000000
19139 0.000000, 0.000000, 109.000000, 1.000000
19140 0.000000, 0.000000, 109.000000, 1.000000
18645 0 0 0
18977 0 0 0
18891 0 0 0
18892 0 0 0
18893 0 0 0
18894 0 0 0
18895 0 0 0
18896 0 0 0
18897 0 0 0
18898 0 0 0
18899 0 0 0
18900 0 0 0
18901 0 0 0
18903 0 0 0
18904 0 0 0
18911 0 0 0
18912 0 0 0
18913 0 0 0
18914 0 0 0
18915 0 0 0
18916 0 0 0
18917 0 0 0
18918 0 0 0
18920 0 0 0
19006 0.000000, 0.000000, 109.000000, 1.000000
19007 0.000000, 0.000000, 109.000000, 1.000000
19008 0.000000, 0.000000, 109.000000, 1.000000
19010 0.000000, 0.000000, 109.000000, 1.000000
19012 0.000000, 0.000000, 109.000000, 1.000000
19015 0.000000, 0.000000, 109.000000, 1.000000
19017 0.000000, 0.000000, 109.000000, 1.000000
19018 0.000000, 0.000000, 109.000000, 1.000000
19019 0.000000, 0.000000, 109.000000, 1.000000
19020 0.000000, 0.000000, 109.000000, 1.000000
19021 0.000000, 0.000000, 109.000000, 1.000000
19022 0.000000, 0.000000, 109.000000, 1.000000
19023 0.000000, 0.000000, 109.000000, 1.000000
19024 0.000000, 0.000000, 109.000000, 1.000000
19025 0.000000, 0.000000, 109.000000, 1.000000
19026 0.000000, 0.000000, 109.000000, 1.000000
19027 0.000000, 0.000000, 109.000000, 1.000000
19028 0.000000, 0.000000, 109.000000, 1.000000
19030 0.000000, 0.000000, 109.000000, 1.000000
19031 0.000000, 0.000000, 109.000000, 1.000000
19032 0.000000, 0.000000, 109.000000, 1.000000
19033 0.000000, 0.000000, 109.000000, 1.000000
1210 0.000000, 0.000000, 0.000000, 1.000000
19559 0.000000, 0.000000, 0.000000, 1.000000
19624 0.000000, 0.000000, 0.000000, 1.000000
371 0.000000, 0.000000, 0.000000, 1.000000