371
19559
1210
19624
18632
19553
19792
19623 
19878 
19610 
18633 
19554 
18634 
18935 
18638 
19515 
18639 
19904 
18640 
18975 
18641
18642
18643
18644
18945 
18868 
18874 
18870 
18875 
18890 
18892 
18895 
18895 
18898 
18910 
18911 
18913 
18915
18919 
18921 
18929 
18931 
18936 
18936 
18942 
18946 
18947 
18950 
18953
18954 
18964 
18967 
18968 
18970 
18974 
18976 
18977 
19006 
19011 
19012 
19022 
19030 
19033
19034
19035
19036 
19039 
19040 
19045 
19085 
19092 
19094
19095
19096 
19101 
19106 
19111 
19118 
19138 
19141 
19160 
19163 
19317
19318
19319 
19330 
19331 
19346
19347
19348
19349
19350
19351
19352 
19487 
19513 
313 
333
334
335
336
337
338
339
340
341 
326 
346
347
348
349
350
351
352
353 
355
356
357
358 
372 
361 
363
364
365
366
367
368
369 
11715 
11716 
11736 
11745 
11749 
11750 
18875