404 -15.0 -15.0 45.0
405 -15.0 -15.0 45.0
412 -15.0 -15.0 45.0
413 -15.0 -15.0 45.0
418 -15.0 -15.0 45.0
419 -15.0 -15.0 45.0
422 -15.0 -15.0 45.0
439 -15.0 -15.0 45.0
466 -15.0 -15.0 45.0
467 -15.0 -15.0 45.0
474 -15.0 -15.0 45.0
475 -15.0 -15.0 45.0
479 -15.0 -15.0 45.0
483 -15.0 -15.0 45.0
492 -15.0 -15.0 45.0
518 -15.0 -15.0 45.0
536 -15.0 -15.0 45.0
542 -15.0 -15.0 45.0
543 -15.0 -15.0 45.0
549 -15.0 -15.0 45.0
551 -15.0 -15.0 45.0
566 -15.0 -15.0 45.0
567 -15.0 -15.0 45.0
575 -15.0 -15.0 45.0
576 -15.0 -15.0 45.0
600 -15.0 -15.0 45.0
604 -15.0 -15.0 45.0
605 -15.0 -15.0 45.0