297 0 0 0 1.0
292 0 0 0 1.0
180 0 0 0 1.0
177 0 0 0 1.0
247 0 0 0 1.0
248 0 0 0 1.0
176 0 0 0 1.0
175 0 0 0 1.0
174 0 0 0 1.0
173 0 0 0 1.0
156 0 0 0 1.0
144 0 0 0 1.0
143 0 0 0 1.0
114 0 0 0 1.0
115 0 0 0 1.0
116 0 0 0 1.0
110 0 0 0 1.0
109 0 0 0 1.0
108 0 0 0 1.0
107 0 0 0 1.0
106 0 0 0 1.0
105 0 0 0 1.0
104 0 0 0 1.0
103 0 0 0 1.0
102 0 0 0 1.0
29 0 0 0 1.0
30 0 0 0 1.0
28 0 0 0 1.0
24 0 0 0 1.0
23 0 0 0 1.0
22 0 0 0 1.0
21 0 0 0 1.0
19 0 0 0 1.0
20 0 0 0 1.0
4 0 0 0 1.0
5 0 0 0 1.0
6 0 0 0 1.0
3 0 0 0 1.0
2 0 0 0 1.0
215 0 0 0 1.0
195 0 0 0 1.0
193 0 0 0 1.0
190 0 0 0 1.0
90 0 0 0 1.0
88 0 0 0 1.0
65 0 0 0 1.0
64 0 0 0 1.0
56 0 0 0 1.0
41 0 0 0 1.0