291 0 0 0 1.0
289 0 0 0 1.0
273 0 0 0 1.0
272 0 0 0 1.0
259 0 0 0 1.0
258 0 0 0 1.0
250 0 0 0 1.0
241 0 0 0 1.0
223 0 0 0 1.0
222 0 0 0 1.0
221 0 0 0 1.0
217 0 0 0 1.0
185 0 0 0 1.0
184 0 0 0 1.0
170 0 0 0 1.0
153 0 0 0 1.0
119 0 0 0 1.0
118 0 0 0 1.0
101 0 0 0 1.0
24 0 0 0 1.0
25 0 0 0 1.0
98 0 0 0 1.0
73 0 0 0 1.0
72 0 0 0 1.0
68 0 0 0 1.0
60 0 0 0 1.0
59 0 0 0 1.0
61 0 0 0 1.0
48 0 0 0 1.0
47 0 0 0 1.0
42 0 0 0 1.0
231 0 0 0 1.0
226 0 0 0 1.0
201 0 0 0 1.0
198 0 0 0 1.0
192 0 0 0 1.0
169 0 0 0 1.0
148 0 0 0 1.0
93 0 0 0 1.0
91 0 0 0 1.0
76 0 0 0 1.0
55 0 0 0 1.0
40 0 0 0 1.0
12 0 0 0 1.0