1 0 0 0 1.0
4 0 0 0 1.0
5 0 0 0 1.0
7 0 0 0 1.0
14 0 0 0 1.0
15 0 0 0 1.0
25 0 0 0 1.0
26 0 0 0 1.0
32 0 0 0 1.0
35 0 0 0 1.0
36 0 0 0 1.0
37 0 0 0 1.0
43 0 0 0 1.0
44 0 0 0 1.0
58 0 0 0 1.0
66 0 0 0 1.0
67 0 0 0 1.0
95 0 0 0 1.0
262 0 0 0 1.0
96 0 0 0 1.0
142 0 0 0 1.0
143 0 0 0 1.0
155 0 0 0 1.0
181 0 0 0 1.0
182 0 0 0 1.0
183 0 0 0 1.0
210 0 0 0 1.0
209 0 0 0 1.0
234 0 0 0 1.0
235 0 0 0 1.0
236 0 0 0 1.0
229 0 0 0 1.0
220 0 0 0 1.0
245 0 0 0 1.0
243 0 0 0 1.0
232 0 0 0 1.0
218 0 0 0 1.0
207 0 0 0 1.0
199 0 0 0 1.0
196 0 0 0 1.0
197 0 0 0 1.0
157 0 0 0 1.0
151 0 0 0 1.0
131 0 0 0 1.0
130 0 0 0 1.0
129 0 0 0 1.0
89 0 0 0 1.0
53 0 0 0 1.0