8 0.0 0.0 0.0
9 0.0 0.0 0.0
11 0.0 0.0 0.0
12 0.0 0.0 0.0
17 0.0 0.0 0.0
20 0.0 0.0 0.0
27 0.0 0.0 0.0
42 0.0 0.0 0.0
50 0.0 0.0 0.0
55 0.0 0.0 0.0
57 0.0 0.0 0.0
59 0.0 0.0 0.0
61 0.0 0.0 0.0
69 0.0 0.0 0.0
70 0.0 0.0 0.0
71 0.0 0.0 0.0
76 0.0 0.0 0.0
98 0.0 0.0 0.0
141 0.0 0.0 0.0
147 0.0 0.0 0.0
148 0.0 0.0 0.0
150 0.0 0.0 0.0
155 0.0 0.0 0.0
163 0.0 0.0 0.0
164 0.0 0.0 0.0
165 0.0 0.0 0.0
166 0.0 0.0 0.0
167 0.0 0.0 0.0
187 0.0 0.0 0.0
191 0.0 0.0 0.0
192 0.0 0.0 0.0
205 0.0 0.0 0.0
209 0.0 0.0 0.0
219 0.0 0.0 0.0
227 0.0 0.0 0.0
228 0.0 0.0 0.0
240 0.0 0.0 0.0
253 0.0 0.0 0.0
255 0.0 0.0 0.0
260 0.0 0.0 0.0
261 0.0 0.0 0.0
262 0.0 0.0 0.0
265 0.0 0.0 0.0
266 0.0 0.0 0.0
267 0.0 0.0 0.0
274 0.0 0.0 0.0
275 0.0 0.0 0.0
276 0.0 0.0 0.0
277 0.0 0.0 0.0
278 0.0 0.0 0.0
279 0.0 0.0 0.0
280 0.0 0.0 0.0
281 0.0 0.0 0.0
282 0.0 0.0 0.0
283 0.0 0.0 0.0
284 0.0 0.0 0.0
285 0.0 0.0 0.0
286 0.0 0.0 0.0
287 0.0 0.0 0.0
288 0.0 0.0 0.0
295 0.0 0.0 0.0
300 0.0 0.0 0.0
301 0.0 0.0 0.0
302 0.0 0.0 0.0
303 0.0 0.0 0.0
304 0.0 0.0 0.0
305 0.0 0.0 0.0
306 0.0 0.0 0.0
307 0.0 0.0 0.0
308 0.0 0.0 0.0
309 0.0 0.0 0.0
310 0.0 0.0 0.0
311 0.0 0.0 0.0