299 0 0 0 1.0
289 0 0 0 1.0
261 0 0 0 1.0
255 0 0 0 1.0
254 0 0 0 1.0
249 0 0 0 1.0
248 0 0 0 1.0
247 0 0 0 1.0
227 0 0 0 1.0
253 0 0 0 1.0
206 0 0 0 1.0
202 0 0 0 1.0
204 0 0 0 1.0
203 0 0 0 1.0
303 0 0 0 1.0
304 0 0 0 1.0
305 0 0 0 1.0
289 0 0 0 1.0
161 0 0 0 1.0
126 0 0 0 1.0
125 0 0 0 1.0
124 0 0 0 1.0
123 0 0 0 1.0
122 0 0 0 1.0
121 0 0 0 1.0
112 0 0 0 1.0
111 0 0 0 1.0
100 0 0 0 1.0
36 0 0 0 1.0
37 0 0 0 1.0
82 0 0 0 1.0
83 0 0 0 1.0
84 0 0 0 1.0
34 0 0 0 1.0
298 0 0 0 1.0
263 0 0 0 1.0
224 0 0 0 1.0
225 0 0 0 1.0
205 0 0 0 1.0
191 0 0 0 1.0
69 0 0 0 1.0
38 0 0 0 1.0
31 0 0 0 1.0
9 0 0 0 1.0