400 -15.0 -15.0 45.0
401 -15.0 -15.0 45.0
402 -15.0 -15.0 45.0
403 -15.0 -15.0 45.0
404 -15.0 -15.0 45.0
405 -15.0 -15.0 45.0
406 -15.0 -15.0 45.0
407 -15.0 -15.0 45.0
408 -15.0 -15.0 45.0
409 -15.0 -15.0 45.0
410 -15.0 -15.0 45.0
411 -15.0 -15.0 45.0
412 -15.0 -15.0 45.0
413 -15.0 -15.0 45.0
414 -15.0 -15.0 45.0
415 -15.0 -15.0 45.0
416 -15.0 -15.0 45.0
417 -15.0 -15.0 45.0
418 -15.0 -15.0 45.0
419 -15.0 -15.0 45.0
420 -15.0 -15.0 45.0
421 -15.0 -15.0 45.0
422 -15.0 -15.0 45.0
423 -15.0 -15.0 45.0
424 -15.0 -15.0 45.0
426 -15.0 -15.0 45.0
427 -15.0 -15.0 45.0
428 -15.0 -15.0 45.0
429 -15.0 -15.0 45.0
431 -15.0 -15.0 45.0
433 -15.0 -15.0 45.0
434 -15.0 -15.0 45.0
436 -15.0 -15.0 45.0
437 -15.0 -15.0 45.0
438 -15.0 -15.0 45.0
439 -15.0 -15.0 45.0
440 -15.0 -15.0 45.0
442 -15.0 -15.0 45.0
443 -15.0 -15.0 45.0
444 -15.0 -15.0 45.0
445 -15.0 -15.0 45.0
447 -15.0 -15.0 45.0
448 -15.0 -15.0 45.0
451 -15.0 -15.0 45.0
455 -15.0 -15.0 45.0
456 -15.0 -15.0 45.0
457 -15.0 -15.0 45.0
458 -15.0 -15.0 45.0
459 -15.0 -15.0 45.0
461 -15.0 -15.0 45.0
462 -15.0 -15.0 45.0
463 -15.0 -15.0 45.0
466 -15.0 -15.0 45.0
467 -15.0 -15.0 45.0
468 -15.0 -15.0 45.0
469 -15.0 -15.0 45.0
470 -15.0 -15.0 45.0
471 -15.0 -15.0 45.0
474 -15.0 -15.0 45.0
475 -15.0 -15.0 45.0
477 -15.0 -15.0 45.0
478 -15.0 -15.0 45.0
479 -15.0 -15.0 45.0
480 -15.0 -15.0 45.0
481 -15.0 -15.0 45.0
482 -15.0 -15.0 45.0
483 -15.0 -15.0 45.0
486 -15.0 -15.0 45.0
487 -15.0 -15.0 45.0
488 -15.0 -15.0 45.0
489 -15.0 -15.0 45.0
490 -15.0 -15.0 45.0
491 -15.0 -15.0 45.0
492 -15.0 -15.0 45.0
494 -15.0 -15.0 45.0
495 -15.0 -15.0 45.0
496 -15.0 -15.0 45.0
497 -15.0 -15.0 45.0
498 -15.0 -15.0 45.0
499 -15.0 -15.0 45.0
500 -15.0 -15.0 45.0
501 -15.0 -15.0 45.0
502 -15.0 -15.0 45.0
503 -15.0 -15.0 45.0
504 -15.0 -15.0 45.0
505 -15.0 -15.0 45.0
506 -15.0 -15.0 45.0
507 -15.0 -15.0 45.0
508 -15.0 -15.0 45.0
509 -15.0 -15.0 45.0
510 -15.0 -15.0 45.0
511 -15.0 -15.0 45.0
514 -15.0 -15.0 45.0
515 -15.0 -15.0 45.0
516 -15.0 -15.0 45.0
517 -15.0 -15.0 45.0
518 -15.0 -15.0 45.0
519 -15.0 -15.0 45.0
521 -15.0 -15.0 45.0
522 -15.0 -15.0 45.0
523 -15.0 -15.0 45.0
524 -15.0 -15.0 45.0
525 -15.0 -15.0 45.0
526 -15.0 -15.0 45.0
527 -15.0 -15.0 45.0
528 -15.0 -15.0 45.0
529 -15.0 -15.0 45.0
530 -15.0 -15.0 45.0
531 -15.0 -15.0 45.0
532 -15.0 -15.0 45.0
533 -15.0 -15.0 45.0
534 -15.0 -15.0 45.0
535 -15.0 -15.0 45.0
536 -15.0 -15.0 45.0
539 -15.0 -15.0 45.0
540 -15.0 -15.0 45.0
541 -15.0 -15.0 45.0
542 -15.0 -15.0 45.0
543 -15.0 -15.0 45.0
544 -15.0 -15.0 45.0
545 -15.0 -15.0 45.0
546 -15.0 -15.0 45.0
547 -15.0 -15.0 45.0
548 -15.0 -15.0 45.0
549 -15.0 -15.0 45.0
550 -15.0 -15.0 45.0
551 -15.0 -15.0 45.0
552 -15.0 -15.0 45.0
553 -15.0 -15.0 45.0
554 -15.0 -15.0 45.0
555 -15.0 -15.0 45.0
556 -15.0 -15.0 45.0
557 -15.0 -15.0 45.0
558 -15.0 -15.0 45.0
559 -15.0 -15.0 45.0
560 -15.0 -15.0 45.0
561 -15.0 -15.0 45.0
562 -15.0 -15.0 45.0
563 -15.0 -15.0 45.0
565 -15.0 -15.0 45.0
566 -15.0 -15.0 45.0
567 -15.0 -15.0 45.0
568 -15.0 -15.0 45.0
571 -15.0 -15.0 45.0
572 -15.0 -15.0 45.0
573 -15.0 -15.0 45.0
574 -15.0 -15.0 45.0
575 -15.0 -15.0 45.0
576 -15.0 -15.0 45.0
578 -15.0 -15.0 45.0
579 -15.0 -15.0 45.0
580 -15.0 -15.0 45.0
581 -15.0 -15.0 45.0
582 -15.0 -15.0 45.0
585 -15.0 -15.0 45.0
586 -15.0 -15.0 45.0
587 -15.0 -15.0 45.0
588 -15.0 -15.0 45.0
589 -15.0 -15.0 45.0
596 -15.0 -15.0 45.0
597 -15.0 -15.0 45.0
598 -15.0 -15.0 45.0
599 -15.0 -15.0 45.0
600 -15.0 -15.0 45.0
601 -15.0 -15.0 45.0
602 -15.0 -15.0 45.0
603 -15.0 -15.0 45.0
604 -15.0 -15.0 45.0
605 -15.0 -15.0 45.0
609 -15.0 -15.0 45.0