400 -15.0 -15.0 45.0
401 -15.0 -15.0 45.0
402 -15.0 -15.0 45.0
404 -15.0 -15.0 45.0
405 -15.0 -15.0 45.0
409 -15.0 -15.0 45.0
410 -15.0 -15.0 45.0
412 -15.0 -15.0 45.0
413 -15.0 -15.0 45.0
414 -15.0 -15.0 45.0
418 -15.0 -15.0 45.0
419 -15.0 -15.0 45.0
420 -15.0 -15.0 45.0
421 -15.0 -15.0 45.0
422 -15.0 -15.0 45.0
423 -15.0 -15.0 45.0
424 -15.0 -15.0 45.0
426 -15.0 -15.0 45.0
434 -15.0 -15.0 45.0
436 -15.0 -15.0 45.0
438 -15.0 -15.0 45.0
439 -15.0 -15.0 45.0
440 -15.0 -15.0 45.0
442 -15.0 -15.0 45.0
445 -15.0 -15.0 45.0
457 -15.0 -15.0 45.0
458 -15.0 -15.0 45.0
459 -15.0 -15.0 45.0
466 -15.0 -15.0 45.0
467 -15.0 -15.0 45.0
470 -15.0 -15.0 45.0
474 -15.0 -15.0 45.0
475 -15.0 -15.0 45.0
478 -15.0 -15.0 45.0
479 -15.0 -15.0 45.0
482 -15.0 -15.0 45.0
483 -15.0 -15.0 45.0
485 -15.0 -15.0 45.0
489 -15.0 -15.0 45.0
491 -15.0 -15.0 45.0
492 -15.0 -15.0 45.0
496 -15.0 -15.0 45.0
498 -15.0 -15.0 45.0
499 -15.0 -15.0 45.0
500 -15.0 -15.0 45.0
502 -15.0 -15.0 45.0
503 -15.0 -15.0 45.0
504 -15.0 -15.0 45.0
505 -15.0 -15.0 45.0
507 -15.0 -15.0 45.0
508 -15.0 -15.0 45.0
516 -15.0 -15.0 45.0
517 -15.0 -15.0 45.0
518 -15.0 -15.0 45.0
524 -15.0 -15.0 45.0
525 -15.0 -15.0 45.0
526 -15.0 -15.0 45.0
527 -15.0 -15.0 45.0
529 -15.0 -15.0 45.0
531 -15.0 -15.0 45.0
533 -15.0 -15.0 45.0
534 -15.0 -15.0 45.0
535 -15.0 -15.0 45.0
536 -15.0 -15.0 45.0
540 -15.0 -15.0 45.0
542 -15.0 -15.0 45.0
543 -15.0 -15.0 45.0
545 -15.0 -15.0 45.0
546 -15.0 -15.0 45.0
547 -15.0 -15.0 45.0
549 -15.0 -15.0 45.0
550 -15.0 -15.0 45.0
551 -15.0 -15.0 45.0
552 -15.0 -15.0 45.0
554 -15.0 -15.0 45.0
555 -15.0 -15.0 45.0
558 -15.0 -15.0 45.0
559 -15.0 -15.0 45.0
560 -15.0 -15.0 45.0
561 -15.0 -15.0 45.0
562 -15.0 -15.0 45.0
565 -15.0 -15.0 45.0
566 -15.0 -15.0 45.0
567 -15.0 -15.0 45.0
568 -15.0 -15.0 45.0
575 -15.0 -15.0 45.0
576 -15.0 -15.0 45.0
579 -15.0 -15.0 45.0
580 -15.0 -15.0 45.0
585 -15.0 -15.0 45.0
588 -15.0 -15.0 45.0
589 -15.0 -15.0 45.0
600 -15.0 -15.0 45.0
603 -15.0 -15.0 45.0
604 -15.0 -15.0 45.0
605 -15.0 -15.0 45.0
609 -15.0 -15.0 45.0