19893 
19823 
19801 
19555 
19136 
19274 
18865
18866
18867 
18869 
18871
18872
18873 
18891 
18893 
18894 
18896 
18897 
18899
18900
18901
18902
18903
18904
18905
18906
18907
18908
18909 
18912 
18914 
18916
18917
18918 
18920 
18922
18923
18924
18925
18926
18927
18928 
18930 
18932
18933
18934
18935 
18937
18938
18939
18940
18941 
18943
18944
18945 
18948 
18949 
18951 
18952 
18955
18956
18957
18958
18959
18960
18961
18962 
18965 
18966 
18969 
18971
18972
18973 
18978 
18979 
19007
19008
19009
19010 
19013
19014
19015
19016
19017
19018
19019
19020
19021 
19023
19024
19025
19026
19027
19028
19029 
19031 
19032 
19035 
19037 
19038 
19041
19042
19043
19044 
19046
19047
19048
19049
19050
19051
19052
19053 
19090 
19091 
19093 
19097 
19098 
19102
19103
19104
19105 
19107
19108
19109
19110
19111
19112
19113 
19117 
19119 
19120 
19137 
19139 
19140 
19488 
19528